[[ 7.62053410e+02  1.39127433e+03]
 [ 7.62099910e+02  1.44139331e+03]
 [ 7.62146420e+02  0.00000000e+00]
 [ 7.62192930e+02  1.64208355e+02]
 [ 7.62239440e+02  2.89042752e+02]
 [ 7.62285950e+02  1.33096566e+03]
 [ 7.62332460e+02  3.78486715e+03]
 [ 7.62378970e+02  4.06980626e+03]
 [ 7.62425480e+02  2.27299727e+03]
 [ 7.62471980e+02 -7.12176037e+02]
 [ 7.62518490e+02  3.71032755e+02]
 [ 7.62565000e+02  5.90931251e+02]
 [ 7.62611570e+02  2.20193845e+03]
 [ 7.62658080e+02  3.41570922e+03]
 [ 7.62704590e+02  6.57662868e+03]
 [ 7.62751160e+02  9.91687077e+03]
 [ 7.62797670e+02  9.48563714e+03]
 [ 7.62844240e+02  1.01683841e+04]
 [ 7.62890750e+02  1.36695292e+04]
 [ 7.62937320e+02  1.95710579e+04]
 [ 7.62983830e+02  2.24370686e+04]
 [ 7.63030400e+02  2.66690030e+04]
 [ 7.63076970e+02  3.87926999e+04]
 [ 7.63123470e+02  4.98427467e+04]
 [ 7.63170040e+02  6.90810555e+04]
 [ 7.63216610e+02  9.88807056e+04]
 [ 7.63263180e+02  1.24412230e+05]
 [ 7.63309750e+02  1.66466070e+05]
 [ 7.63356320e+02  2.56803026e+05]
 [ 7.63402890e+02  3.75616859e+05]
 [ 7.63449460e+02  5.14544161e+05]
 [ 7.63496030e+02  6.69004957e+05]
 [ 7.63542600e+02  7.57844014e+05]
 [ 7.63589170e+02  7.30877508e+05]
 [ 7.63635740e+02  6.24443740e+05]
 [ 7.63682370e+02  4.77814384e+05]
 [ 7.63728940e+02  3.29603520e+05]
 [ 7.63775510e+02  2.51941947e+05]
 [ 7.63822140e+02  1.73557870e+05]
 [ 7.63868710e+02  1.12429555e+05]
 [ 7.63915280e+02  8.74341810e+04]
 [ 7.63961910e+02  7.34569254e+04]
 [ 7.64008540e+02  5.76347203e+04]
 [ 7.64055110e+02  4.61511710e+04]
 [ 7.64101750e+02  3.38394558e+04]
 [ 7.64148320e+02  2.93660098e+04]
 [ 7.64194950e+02  2.96973077e+04]
 [ 7.64241580e+02  3.09307422e+04]
 [ 7.64288210e+02  2.49129292e+04]
 [ 7.64334840e+02  1.59602342e+04]
 [ 7.64381410e+02  1.51468395e+04]
 [ 7.64428040e+02  1.69046297e+04]
 [ 7.64474670e+02  1.28493146e+04]
 [ 7.64521300e+02  8.59964845e+03]
 [ 7.64567930e+02  8.89742853e+03]
 [ 7.64614620e+02  8.35294252e+03]
 [ 7.64661250e+02  5.63663770e+03]
 [ 7.64707890e+02  3.52688797e+03]
 [ 7.64754520e+02  2.52813480e+03]
 [ 7.64801150e+02  5.26959391e+02]
 [ 7.64847840e+02  3.52324715e+02]
 [ 7.64894470e+02  0.00000000e+00]
 [ 7.64941100e+02  9.71199005e+02]
 [ 7.64987790e+02 -8.41048071e+02]]