[[  685.63037     4573.01663831]
 [  685.67255     3094.35131402]
 [  685.71472     1337.19426829]
 [  685.7569      1276.155562  ]
 [  685.79907     1666.99970227]
 [  685.84125     -398.44023502]
 [  685.88336     -903.13523936]
 [  685.92554     1315.32821735]
 [  685.96777     5103.68515023]
 [  686.00995     4974.48987294]
 [  686.05212     3879.94087721]
 [  686.0943      4075.25787392]
 [  686.13647     3957.17282519]
 [  686.17865     5630.5423929 ]
 [  686.22089     6027.48898821]
 [  686.26306     4048.02015748]
 [  686.30524     2597.62359519]
 [  686.34747     2347.82810107]
 [  686.38965     2368.64579677]
 [  686.43188     2293.02757965]
 [  686.47406     2711.09172536]
 [  686.5163      2299.78767767]
 [  686.55847      973.05315295]
 [  686.60071      100.75807326]
 [  686.64294      906.18546914]
 [  686.68512      987.47243085]
 [  686.72736      659.72994116]
 [  686.76959     1213.57340704]
 [  686.81183     3724.60779535]
 [  686.85406     5424.61748423]
 [  686.8963      2143.33115155]
 [  686.93854     3281.28797886]
 [  686.98077     6225.59713474]
 [  687.02301     8158.85250005]
 [  687.06525     8754.72512537]
 [  687.10748    10630.71092525]
 [  687.14972     8574.21511056]
 [  687.19196     6020.13765587]
 [  687.23425     5129.35372836]
 [  687.27649     6548.76090367]
 [  687.31873     5905.88630899]
 [  687.36096     5919.12078887]
 [  687.40326     5512.20775679]
 [  687.4455      8088.0159121 ]
 [  687.48779     7569.45809459]
 [  687.53003     5233.8903799 ]
 [  687.57233     3505.95404782]
 [  687.61462     3502.78368031]
 [  687.65686     5181.18741562]
 [  687.69916     5212.04372354]
 [  687.74146     3241.22193546]
 [  687.78369     5845.34697134]
 [  687.82599     6736.56960926]
 [  687.86829     4158.48018718]
 [  687.91058     2430.76537367]
 [  687.95288     3702.88811759]
 [  687.99518     4147.65857551]
 [  688.03748     3707.68851343]
 [  688.07977     2663.78088792]
 [  688.12207     2282.89448084]
 [  688.16437     2571.11784376]
 [  688.20667     1840.95660268]
 [  688.24896     1188.24425917]
 [  688.29132      942.5890357 ]
 [  688.33362      982.03084162]
 [  688.37592     1962.30009654]
 [  688.41827     2365.60518163]
 [  688.46057     2541.32741355]
 [  688.50287     3047.45286947]
 [  688.54523     2476.518758  ]
 [  688.58752     2917.87232249]]