[[ 7.25813540e+02  4.77530827e+01]
 [ 7.25858030e+02  1.52825424e+03]
 [ 7.25902470e+02  2.15964297e+03]
 [ 7.25946960e+02  2.12948606e+03]
 [ 7.25991390e+02  2.79593367e+03]
 [ 7.26035890e+02  2.96999350e+03]
 [ 7.26080320e+02  1.19670545e+03]
 [ 7.26124820e+02  1.20052987e+03]
 [ 7.26169250e+02  3.45916625e+02]
 [ 7.26213750e+02  0.00000000e+00]
 [ 7.26258240e+02  2.23906912e+03]
 [ 7.26302730e+02  3.55005520e+03]
 [ 7.26347230e+02  9.71777730e+02]
 [ 7.26391660e+02  1.66417610e+03]
 [ 7.26436160e+02  3.34256712e+03]
 [ 7.26480650e+02  2.73524803e+03]
 [ 7.26525150e+02  2.02062986e+03]
 [ 7.26569640e+02  1.17169638e+03]
 [ 7.26614140e+02  1.98617164e+01]
 [ 7.26658690e+02  3.36854928e+02]
 [ 7.26703190e+02  6.69525534e+02]
 [ 7.26747680e+02  2.15335802e+03]
 [ 7.26792180e+02  4.42228344e+03]
 [ 7.26836730e+02  3.50346701e+03]
 [ 7.26881230e+02  2.92131418e+03]
 [ 7.26925720e+02  3.56262261e+03]
 [ 7.26970280e+02  4.34703891e+03]
 [ 7.27014770e+02  6.26879206e+03]
 [ 7.27059330e+02  7.92243922e+03]
 [ 7.27103820e+02  8.53611443e+03]
 [ 7.27148380e+02  1.42121116e+04]
 [ 7.27192870e+02  2.85759838e+04]
 [ 7.27237430e+02  4.99332966e+04]
 [ 7.27281980e+02  6.70797404e+04]
 [ 7.27326480e+02  7.82136025e+04]
 [ 7.27371030e+02  7.48833313e+04]
 [ 7.27415590e+02  5.70234663e+04]
 [ 7.27460140e+02  4.23632540e+04]
 [ 7.27504700e+02  3.28244449e+04]
 [ 7.27549260e+02  2.42434575e+04]
 [ 7.27593810e+02  1.59937954e+04]
 [ 7.27638370e+02  1.18234153e+04]
 [ 7.27682920e+02  8.42488248e+03]
 [ 7.27727480e+02  6.23300932e+03]
 [ 7.27772030e+02  4.89116460e+03]
 [ 7.27816590e+02  4.30567030e+03]
 [ 7.27861210e+02  4.06684948e+03]
 [ 7.27905760e+02  2.51589637e+03]
 [ 7.27950320e+02  1.28682622e+03]
 [ 7.27994930e+02  2.62573613e+03]
 [ 7.28039490e+02  3.62627931e+03]
 [ 7.28084110e+02  2.40574777e+03]
 [ 7.28128660e+02  1.43326859e+03]
 [ 7.28173280e+02  1.12500602e+03]
 [ 7.28217830e+02  3.04122455e+03]
 [ 7.28262450e+02  4.15096648e+03]
 [ 7.28307010e+02  3.25296515e+03]
 [ 7.28351620e+02  1.41745528e+03]
 [ 7.28396240e+02  1.09396038e+03]
 [ 7.28440860e+02  3.59612706e+02]
 [ 7.28485410e+02  1.17029193e+03]
 [ 7.28530030e+02  1.81355507e+03]
 [ 7.28574650e+02  4.94136813e+02]
 [ 7.28619260e+02  0.00000000e+00]
 [ 7.28663880e+02  1.20632879e+03]
 [ 7.28708500e+02  1.54194081e+02]
 [ 7.28753110e+02 -1.41321008e+02]]