[[  742.07245     1153.45123062]
 [  742.1178      2095.82394681]
 [  742.16315     1655.741466  ]
 [  742.20856     1937.48599429]
 [  742.25397     3532.26047559]
 [  742.29932     2460.29581778]
 [  742.34473     2630.88979207]
 [  742.39008     4117.49162426]
 [  742.43549     2578.72455855]
 [  742.4809      2299.11151784]
 [  742.52631     2284.95265214]
 [  742.57172     1977.13486743]
 [  742.61713     1644.52373672]
 [  742.66248     2397.98408291]
 [  742.70789     3708.09664221]
 [  742.7533      2795.8142565 ]
 [  742.79877      794.6496369 ]
 [  742.84418     -360.92039981]
 [  742.88959      -13.80996752]
 [  742.935       -242.32278322]
 [  742.98041     -268.64858993]
 [  743.02582      994.38246236]
 [  743.07129     2222.17303976]
 [  743.1167      3493.30384505]
 [  743.16217     3559.66954145]
 [  743.20758     3733.10235574]
 [  743.25299     4329.30766004]
 [  743.29846     5349.16654644]
 [  743.34393     6495.54177283]
 [  743.38934     5988.12240713]
 [  743.43481     5519.06332352]
 [  743.48029     6532.35540861]
 [  743.5257      8356.9961429 ]
 [  743.57117    10866.7923193 ]
 [  743.61664    13507.87218569]
 [  743.66211    13645.54385209]
 [  743.70758    12167.01307849]
 [  743.75305    12812.53583489]
 [  743.79852    12361.22330128]
 [  743.84399    10944.07289768]
 [  743.88947    12104.51531276]
 [  743.93494    11502.66744916]
 [  743.98041     8463.19954556]
 [  744.02588     7438.81560196]
 [  744.07135     9754.64213835]
 [  744.11688    11058.30154686]
 [  744.16235    11628.57921325]
 [  744.20782     9900.33589965]
 [  744.25336     8541.21638684]
 [  744.29883     9920.96420323]
 [  744.34436    10205.80415174]
 [  744.38983     6336.02372813]
 [  744.43536     3784.89954664]
 [  744.48083     2488.49754103]
 [  744.52637     2558.29262322]
 [  744.5719      4840.40656872]
 [  744.61737     5448.36622512]
 [  744.6629      2690.03523662]
 [  744.70844     3108.04486281]
 [  744.75397     3903.21669931]
 [  744.7995      3078.16095881]
 [  744.84503     1690.79823231]
 [  744.89056     2696.77023181]
 [  744.9361      2245.714407  ]
 [  744.98163     3574.5775705 ]
 [  745.02716     2528.638604  ]]