[[  692.27948     2658.70553461]
 [  692.32202     2124.25175295]
 [  692.36462      574.337986  ]
 [  692.40717      784.91398379]
 [  692.44971      644.14670312]
 [  692.49225     1163.69686246]
 [  692.53479     1568.26645479]
 [  692.57739      323.81993185]
 [  692.61993      147.42831318]
 [  692.66248     2062.80538797]
 [  692.70508     3495.34719003]
 [  692.74762     2421.12610936]
 [  692.79016     1331.9402627 ]
 [  692.83276       24.89268275]
 [  692.87537     1116.64113026]
 [  692.91791     1896.18890259]
 [  692.96051     1160.36753565]
 [  693.00305      391.60976398]
 [  693.04565     1694.06101303]
 [  693.08826     2426.65077054]
 [  693.13086     2343.40746459]
 [  693.17346     3726.47841865]
 [  693.216       4200.66113998]
 [  693.25861     3398.99444149]
 [  693.30121     2839.95491154]
 [  693.34381     1651.0623096 ]
 [  693.38641     2765.07225165]
 [  693.42902     3242.49839316]
 [  693.47168     1830.38478393]
 [  693.51428     1658.48619798]
 [  693.55688     1855.76810104]
 [  693.59949     3768.23593354]
 [  693.64209     4277.9812436 ]
 [  693.68475     4667.60836237]
 [  693.72736     5627.21543388]
 [  693.77002     7531.07539265]
 [  693.81262     8727.2637127 ]
 [  693.85522     9487.72432276]
 [  693.89789    11932.30117298]
 [  693.94049    18275.40048303]
 [  693.98315    18279.98161181]
 [  694.02582    15639.77420203]
 [  694.06842    15182.99945209]
 [  694.11108    12731.83892086]
 [  694.15375    10795.81378108]
 [  694.19641     6954.91749985]
 [  694.23907     4848.16111863]
 [  694.28168     4314.63400013]
 [  694.32434     3205.93116891]
 [  694.367       2366.18102768]
 [  694.40967     1783.7499179 ]
 [  694.45233     1812.41795667]
 [  694.495        655.5124869 ]
 [  694.53772     1903.54834439]
 [  694.58038     1723.93984316]
 [  694.62305     1187.69738339]
 [  694.66571     -236.22376384]
 [  694.70837     -253.61222207]
 [  694.7511      2005.15291988]
 [  694.79376     2501.70207865]
 [  694.83643     2549.39013887]
 [  694.87915      791.31296636]
 [  694.92181      950.15821513]
 [  694.96454     2062.83726408]
 [  695.0072      2280.39540285]
 [  695.04993      -36.33138021]
 [  695.09265      826.78991928]
 [  695.13531     -251.01697494]
 [  695.17804     -919.353206  ]
 [  695.22076     -574.52243651]
 [  695.26349     -558.16457257]]