[[  673.79596     4182.4868707 ]
 [  673.8374      3365.48709909]
 [  673.87891     3201.38968024]
 [  673.92041     2976.799801  ]
 [  673.96185     4532.68787939]
 [  674.00336     6105.95466054]
 [  674.04486     5953.7000213 ]
 [  674.08636     7154.84818206]
 [  674.12781     8743.82835084]
 [  674.16931     7277.07706159]
 [  674.21082     6458.20929275]
 [  674.25232     5659.75154351]
 [  674.29382     6539.15801426]
 [  674.33533     8669.94979542]
 [  674.37683     6665.55120618]
 [  674.41833     3098.99421693]
 [  674.4599      2061.44470046]
 [  674.5014      2935.08375122]
 [  674.54291     4509.21233237]
 [  674.58441     4350.00307313]
 [  674.62598     3303.16672665]
 [  674.66748     3057.32696741]
 [  674.70898     4033.01204817]
 [  674.75055     6020.6935017 ]
 [  674.79205     5051.73868245]
 [  674.83362     3280.36289598]
 [  674.87512     2052.25818674]
 [  674.91669     1807.43464026]
 [  674.95825     2480.35229339]
 [  674.99976     4476.07192455]
 [  675.04132     5012.37541768]
 [  675.08289     5402.0792712 ]
 [  675.12445     7858.32900433]
 [  675.16595     7007.48279509]
 [  675.20752     6432.95188862]
 [  675.24908    10152.64537175]
 [  675.29065    10538.34195527]
 [  675.33221     7665.2789284 ]
 [  675.37378     9602.27238193]
 [  675.41534    12314.06421506]
 [  675.45691    11473.40395858]
 [  675.49854    10962.49100448]
 [  675.5401     11127.03954761]
 [  675.58167    11947.76477114]
 [  675.62323    11937.01335427]
 [  675.66486     7316.52779017]
 [  675.70642     6365.1933633 ]
 [  675.74799     6107.99663682]
 [  675.78961     4759.92905232]
 [  675.83118     4831.59159585]
 [  675.8728      4465.78399135]
 [  675.91437     3582.25996488]
 [  675.95599     4667.50044038]
 [  675.99756     5795.81575391]
 [  676.03918     5697.70402941]
 [  676.08081     3645.62469531]
 [  676.12244     4379.4498312 ]
 [  676.164       5676.02584433]
 [  676.20563     5259.52690023]
 [  676.24725     3600.19961573]
 [  676.28888     3143.85218163]
 [  676.33051     4047.44090753]
 [  676.37213     3283.43156303]
 [  676.41376      897.93467893]
 [  676.45538     1052.95829443]
 [  676.49701     2650.26840033]
 [  676.53864     2819.02018623]
 [  676.58026     1397.18655173]
 [  676.62195      968.25775   ]
 [  676.66357     1767.5888555 ]
 [  676.7052      3537.2500314 ]
 [  676.74683     4440.0886573 ]]