[[   695.04993       809.42643964]
 [   695.09265      1697.08910902]
 [   695.13531       643.78911646]
 [   695.17804         0.        ]
 [   695.22076       369.37213938]
 [   695.26349       410.27711792]
 [   695.30621      2630.3635313 ]
 [   695.34888      3939.7207779 ]
 [   695.3916       3127.63017528]
 [   695.43433      3829.06325881]
 [   695.47705      2146.78939619]
 [   695.51978      1849.07892973]
 [   695.5625       1658.07156711]
 [   695.60529      3469.47749758]
 [   695.64801      2532.36470496]
 [   695.69073      2446.03119234]
 [   695.73346      2538.95636587]
 [   695.77618      2973.94613325]
 [   695.81897      5758.96243372]
 [   695.86169      4477.5164711 ]
 [   695.90448      2585.25601157]
 [   695.9472       3776.08475895]
 [   695.98993      5629.46926249]
 [   696.03271      4756.7893568 ]
 [   696.0755       3699.74027727]
 [   696.11823      6001.11310081]
 [   696.16101     10271.81203512]
 [   696.2038       9453.69948559]
 [   696.24652     12888.25419297]
 [   696.28931     19065.83330344]
 [   696.33209     28097.66827776]
 [   696.37488     40138.28894823]
 [   696.41766     59845.48878254]
 [   696.46039    107570.52271608]
 [   696.50317    185616.55677039]
 [   696.54596    234864.09137086]
 [   696.58875    257334.58417133]
 [   696.63159    229098.76240258]
 [   696.67438    168762.33370305]
 [   696.71716    104765.32305736]
 [   696.75995     73407.57061783]
 [   696.80273     57116.17524215]
 [   696.84558     34382.70307955]
 [   696.88837     26157.38222002]
 [   696.93115     19761.01816434]
 [   696.974       13707.50948174]
 [   697.01678     11331.45174606]
 [   697.05963     10164.48287346]
 [   697.10242      7523.34741393]
 [   697.14526      5031.22168518]
 [   697.18805      6259.33769565]
 [   697.2309       3790.01064306]
 [   697.27374      2148.4651343 ]
 [   697.31653      2442.56363477]
 [   697.35938      4294.47655218]
 [   697.40222      5067.58906343]
 [   697.44507      3065.48179083]
 [   697.48792      4129.30908824]
 [   697.53076      3785.32792949]
 [   697.57361      3706.21454689]
 [   697.61646      2118.3185743 ]
 [   697.6593       1413.34990554]
 [   697.70215      1784.94758295]
 [   697.745         859.22190035]
 [   697.78784      1312.6898816 ]
 [   697.83069      2004.13053901]
 [   697.8736       3180.77211335]
 [   697.91644      1160.1182746 ]
 [   697.95929         0.        ]
 [   698.0022       1655.44835634]]