[[  719.21753     1463.59234185]
 [  719.26166     1661.74998395]
 [  719.30573     2111.93565127]
 [  719.34979     2954.33536047]
 [  719.39392     2747.38520257]
 [  719.43799     1012.2223409 ]
 [  719.48212      196.448167  ]
 [  719.52618     1168.6596192 ]
 [  719.57031     2012.1366613 ]
 [  719.61438     2010.57900563]
 [  719.65851     2578.16102673]
 [  719.70258     1846.16966805]
 [  719.7467      1236.51998303]
 [  719.79083     1821.29371513]
 [  719.83496     1821.71940723]
 [  719.87909      503.73542233]
 [  719.92316    -1209.86946634]
 [  719.96729    -1472.82663324]
 [  720.01141     -719.06044227]
 [  720.05554       72.54165883]
 [  720.09967     1205.07843593]
 [  720.1438      3466.66941203]
 [  720.18793     5241.28329414]
 [  720.23212     5017.39299101]
 [  720.27625     3660.48831311]
 [  720.32037     2456.87586109]
 [  720.3645      2800.54839319]
 [  720.40869     3597.74772006]
 [  720.45282     3108.43695217]
 [  720.49695     2065.99228427]
 [  720.54114     1932.67267114]
 [  720.58527     2733.62581325]
 [  720.62946     2790.09386012]
 [  720.67358     1852.57253809]
 [  720.71777     1636.93852497]
 [  720.76196     2607.03946185]
 [  720.80609     4671.69036395]
 [  720.85028     4874.47363083]
 [  720.89447     3198.9251077 ]
 [  720.93866     4096.13486458]
 [  720.98285     4705.13331146]
 [  721.02698     2835.50492356]
 [  721.07117     1356.13169043]
 [  721.11536     2271.09077731]
 [  721.15955     3410.49018419]
 [  721.20374     2785.28639106]
 [  721.24799     3057.23003272]
 [  721.29218     3556.75640959]
 [  721.33636     3458.70184234]
 [  721.38055     5406.28676922]
 [  721.42474     9765.72662609]
 [  721.46899    13452.83261775]
 [  721.51318    13869.34728462]
 [  721.55737    12259.2968215 ]
 [  721.60162    12550.74537315]
 [  721.64581    11698.99623003]
 [  721.69006     9044.03520168]
 [  721.73425     6056.65088856]
 [  721.7785      5189.74356021]
 [  721.82275     5405.85166186]
 [  721.86694     4213.99252874]
 [  721.91119     3292.87035039]
 [  721.95544     1750.00142204]
 [  721.99969      458.60201769]
 [  722.04388     1280.95463057]
 [  722.08813     1641.49395222]
 [  722.13239      694.279328  ]
 [  722.17664     1571.65117965]]