[[ 7.48907410e+02  1.17636282e+04]
 [ 7.48953130e+02  1.14910028e+04]
 [ 7.48998900e+02  1.11795859e+04]
 [ 7.49044680e+02  1.01160319e+04]
 [ 7.49090450e+02  9.15359300e+03]
 [ 7.49136230e+02  9.22780708e+03]
 [ 7.49182010e+02  8.31496910e+03]
 [ 7.49227780e+02  6.11285225e+03]
 [ 7.49273560e+02  4.93617825e+03]
 [ 7.49319340e+02  3.77358045e+03]
 [ 7.49365110e+02  1.95707741e+03]
 [ 7.49410890e+02  0.00000000e+00]
 [ 7.49456670e+02 -2.74607933e+02]
 [ 7.49502440e+02  1.69493764e+03]
 [ 7.49548280e+02  1.07170947e+03]
 [ 7.49594060e+02 -1.49408457e+03]
 [ 7.49639830e+02 -2.56436578e+03]
 [ 7.49685670e+02 -2.03025332e+03]
 [ 7.49731450e+02 -1.09814051e+03]
 [ 7.49777280e+02 -7.86350029e+02]
 [ 7.49823060e+02 -1.14600444e+03]
 [ 7.49868900e+02 -1.06097533e+03]
 [ 7.49914670e+02  2.35763327e+03]
 [ 7.49960510e+02  5.26911028e+03]
 [ 7.50006350e+02  7.99890978e+03]
 [ 7.50052190e+02  9.93427990e+03]
 [ 7.50097960e+02  1.56621729e+04]
 [ 7.50143800e+02  2.25986249e+04]
 [ 7.50189640e+02  3.44332833e+04]
 [ 7.50235470e+02  5.47242029e+04]
 [ 7.50281310e+02  1.00418422e+05]
 [ 7.50327150e+02  1.78399485e+05]
 [ 7.50372990e+02  2.81394152e+05]
 [ 7.50418820e+02  3.63332893e+05]
 [ 7.50464660e+02  3.83979193e+05]
 [ 7.50510500e+02  3.46782420e+05]
 [ 7.50556400e+02  2.81693340e+05]
 [ 7.50602230e+02  2.06949552e+05]
 [ 7.50648070e+02  1.48505045e+05]
 [ 7.50693910e+02  9.76131201e+04]
 [ 7.50739810e+02  6.19060078e+04]
 [ 7.50785640e+02  3.63244070e+04]
 [ 7.50831540e+02  2.00381266e+04]
 [ 7.50877380e+02  1.28389348e+04]
 [ 7.50923280e+02  9.86589876e+03]
 [ 7.50969120e+02  4.86949306e+03]
 [ 7.51015010e+02  0.00000000e+00]
 [ 7.51060910e+02  6.91378838e+02]
 [ 7.51106750e+02  5.07522991e+03]
 [ 7.51152650e+02  6.36890595e+03]
 [ 7.51198550e+02  1.07388697e+04]
 [ 7.51244450e+02  2.67754670e+04]
 [ 7.51290340e+02  4.21169434e+04]
 [ 7.51336240e+02  7.94729644e+04]
 [ 7.51382140e+02  1.75856478e+05]
 [ 7.51428040e+02  2.95268612e+05]
 [ 7.51473940e+02  3.92088427e+05]
 [ 7.51519840e+02  4.30192191e+05]
 [ 7.51565730e+02  4.02081405e+05]
 [ 7.51611630e+02  3.04808497e+05]
 [ 7.51657530e+02  2.09482962e+05]
 [ 7.51703430e+02  1.26753638e+05]
 [ 7.51749390e+02  6.97797711e+04]
 [ 7.51795290e+02  3.45256260e+04]
 [ 7.51841250e+02  1.54642690e+04]]